0 0.050067 0.901842 0.054545 0.081967
0 0.062323 0.813702 0.054545 0.081967
0 0.023805 0.766343 0.054545 0.081967
0 0.138485 0.967618 0.054545 0.081967
0 0.127104 0.920259 0.054545 0.081967
0 0.104343 0.858429 0.054545 0.081967
0 0.160370 0.841328 0.054545 0.081967
0 0.163872 0.788707 0.054545 0.081967
0 0.128855 0.734770 0.054545 0.081967
0 0.108721 0.697936 0.054545 0.081967
0 0.182256 0.711091 0.054545 0.081967
0 0.245286 0.986035 0.054545 0.081967
0 0.281178 0.917628 0.054545 0.081967
0 0.273300 0.849221 0.054545 0.081967
0 0.274175 0.759765 0.054545 0.081967
0 0.280303 0.688727 0.054545 0.081967
0 0.345960 0.728193 0.054545 0.081967
0 0.417744 0.812386 0.054545 0.081967
0 0.381852 0.858429 0.054545 0.081967
0 0.395859 0.962356 0.054545 0.081967
0 0.504411 0.903157 0.054545 0.081967
0 0.552559 0.896580 0.054545 0.081967
0 0.620842 0.943938 0.054545 0.081967
0 0.597205 0.830803 0.054545 0.081967
0 0.690875 0.893949 0.054545 0.081967
0 0.732896 0.876847 0.054545 0.081967
0 0.702256 0.833435 0.054545 0.081967
0 0.757407 0.813702 0.054545 0.081967
0 0.810808 0.943938 0.054545 0.081967
0 0.854579 0.767658 0.054545 0.081967
0 0.908855 0.761081 0.054545 0.081967
0 0.920236 0.946570 0.054545 0.081967
0 0.807306 0.874216 0.054545 0.081967
0 0.718013 0.697936 0.054545 0.081967
0 0.676869 0.762396 0.054545 0.081967
0 0.644478 0.765027 0.054545 0.081967
0 0.637475 0.699251 0.054545 0.081967
0 0.674242 0.699251 0.054545 0.081967
0 0.704007 0.662417 0.054545 0.081967
0 0.780168 0.609796 0.054545 0.081967
0 0.824815 0.613742 0.054545 0.081967
0 0.846700 0.641368 0.054545 0.081967
0 0.914983 0.563752 0.054545 0.081967
0 0.469394 0.772920 0.054545 0.081967
0 0.444882 0.696620 0.054545 0.081967
0 0.411616 0.709775 0.054545 0.081967
0 0.413367 0.758450 0.054545 0.081967
0 0.057441 0.141798 0.054545 0.081967
0 0.097273 0.164162 0.054545 0.081967
0 0.120034 0.179948 0.054545 0.081967
0 0.065758 0.221387 0.054545 0.081967
0 0.112155 0.262169 0.054545 0.081967
0 0.165556 0.143772 0.054545 0.081967
0 0.210202 0.165478 0.054545 0.081967
0 0.199697 0.224676 0.054545 0.081967
0 0.169057 0.280586 0.054545 0.081967
0 0.049125 0.369384 0.054545 0.081967
0 0.032929 0.471337 0.054545 0.081967
0 0.092458 0.525931 0.054545 0.081967
0 0.092020 0.373330 0.054545 0.081967
0 0.238215 0.426609 0.054545 0.081967
0 0.237778 0.372673 0.054545 0.081967
0 0.266667 0.311501 0.054545 0.081967
0 0.287677 0.304923 0.054545 0.081967
0 0.271481 0.258222 0.054545 0.081967
0 0.283737 0.143772 0.054545 0.081967
0 0.248283 0.137852 0.054545 0.081967
0 0.319630 0.153638 0.054545 0.081967
0 0.290808 0.183895 0.054545 0.081967
0 0.365219 0.104964 0.054545 0.081967
0 0.405051 0.118777 0.054545 0.081967
0 0.448384 0.102333 0.054545 0.081967
0 0.381414 0.191788 0.054545 0.081967
0 0.349024 0.200339 0.054545 0.081967
0 0.372660 0.251644 0.054545 0.081967
0 0.345084 0.272035 0.054545 0.081967
0 0.368721 0.307554 0.054545 0.081967
0 0.324512 0.348335 0.054545 0.081967
0 0.347273 0.425951 0.054545 0.081967
0 0.308754 0.413454 0.054545 0.081967
0 0.315320 0.462128 0.054545 0.081967
0 0.408990 0.342744 0.054545 0.081967
0 0.408990 0.317749 0.054545 0.081967
0 0.432626 0.319065 0.054545 0.081967
0 0.459764 0.295386 0.054545 0.081967
0 0.489529 0.225663 0.054545 0.081967
0 0.401111 0.220401 0.054545 0.081967
0 0.513165 0.186197 0.054545 0.081967
0 0.566566 0.188828 0.054545 0.081967
0 0.621717 0.190144 0.054545 0.081967
0 0.650606 0.191459 0.054545 0.081967
0 0.684747 0.190144 0.054545 0.081967
0 0.548182 0.258551 0.054545 0.081967
0 0.572694 0.298017 0.054545 0.081967
0 0.574444 0.270391 0.054545 0.081967
0 0.494781 0.342744 0.054545 0.081967
0 0.507037 0.390103 0.054545 0.081967
0 0.489529 0.415098 0.054545 0.081967
0 0.556061 0.341429 0.054545 0.081967
0 0.570067 0.390103 0.054545 0.081967
0 0.466768 0.458510 0.054545 0.081967
0 0.451010 0.396681 0.054545 0.081967
0 0.395859 0.449302 0.054545 0.081967
0 0.401111 0.386157 0.054545 0.081967
0 0.265421 0.413783 0.054545 0.081967
0 0.311818 0.509816 0.054545 0.081967
0 0.270673 0.579539 0.054545 0.081967
0 0.157744 0.546650 0.054545 0.081967
0 0.228653 0.570330 0.054545 0.081967
0 0.136734 0.546650 0.054545 0.081967
0 0.106094 0.405889 0.054545 0.081967
0 0.129731 0.401943 0.054545 0.081967
0 0.035185 0.294070 0.054545 0.081967
0 0.007172 0.211192 0.054545 0.081967
0 0.007172 0.248027 0.054545 0.081967
0 0.148990 0.204614 0.054545 0.081967
0 0.450135 0.484821 0.054545 0.081967
0 0.451886 0.533495 0.054545 0.081967
0 0.370471 0.574276 0.054545 0.081967
0 0.374848 0.625582 0.054545 0.081967
0 0.372222 0.680834 0.054545 0.081967
0 0.688249 0.993928 0.054545 0.081967
0 0.902727 0.495345 0.054545 0.081967
0 0.849327 0.478243 0.054545 0.081967
0 0.877340 0.417729 0.054545 0.081967
0 0.903603 0.394050 0.054545 0.081967
0 0.916734 0.342744 0.054545 0.081967
0 0.872088 0.390103 0.054545 0.081967
0 0.895724 0.330905 0.054545 0.081967
0 0.880842 0.249342 0.054545 0.081967
0 0.897475 0.186197 0.054545 0.081967
0 0.911481 0.192775 0.054545 0.081967
0 0.855455 0.190144 0.054545 0.081967
0 0.833569 0.209877 0.054545 0.081967
0 0.781919 0.215139 0.054545 0.081967
0 0.792424 0.308541 0.054545 0.081967
0 0.735522 0.349322 0.054545 0.081967
0 0.727643 0.408521 0.054545 0.081967
0 0.706633 0.441409 0.054545 0.081967
0 0.761785 0.426938 0.054545 0.081967
0 0.769663 0.459826 0.054545 0.081967
0 0.729394 0.507185 0.054545 0.081967
0 0.692626 0.321696 0.054545 0.081967
0 0.710135 0.278284 0.054545 0.081967
0 0.618215 0.303279 0.054545 0.081967
0 0.598956 0.284861 0.054545 0.081967
0 0.634848 0.376948 0.054545 0.081967
0 0.647104 0.413783 0.054545 0.081967
0 0.677744 0.434831 0.054545 0.081967
0 0.662862 0.476928 0.054545 0.081967
0 0.670741 0.551913 0.054545 0.081967
0 0.708384 0.617689 0.054545 0.081967
0 0.583199 0.745294 0.054545 0.081967
0 0.561313 0.701882 0.054545 0.081967
0 0.522795 0.687411 0.054545 0.081967
0 0.571818 0.557175 0.054545 0.081967
0 0.598081 0.496661 0.054545 0.081967
0 0.582323 0.472981 0.054545 0.081967
0 0.524545 0.420360 0.054545 0.081967
0 0.434377 0.588747 0.054545 0.081967
0 0.043064 0.567699 0.054545 0.081967
0 0.009798 0.399312 0.054545 0.081967
0 0.216397 0.192775 0.054545 0.081967
0 0.255791 0.238818 0.054545 0.081967
0 0.639226 0.643999 0.054545 0.081967
0 0.984426 0.856918 0.054545 0.081967
0 0.941469 0.420059 0.054545 0.081967
0 0.972438 0.399042 0.054545 0.081967
0 0.964446 0.319477 0.054545 0.081967
0 0.935475 0.257926 0.054545 0.081967
0 0.941469 0.104801 0.054545 0.081967
0 0.875534 0.139329 0.054545 0.081967
0 0.827582 0.086786 0.054545 0.081967
0 0.811598 0.176860 0.054545 0.081967
0 0.741668 0.175359 0.054545 0.081967
0 0.676733 0.082282 0.054545 0.081967
0 0.586823 0.112307 0.054545 0.081967
0 0.669740 0.067270 0.054545 0.081967
0 0.641768 0.073275 0.054545 0.081967
0 0.556853 0.166351 0.054545 0.081967
0 0.548861 0.115310 0.054545 0.081967
0 0.505904 0.116811 0.054545 0.081967
0 0.542867 0.094292 0.054545 0.081967
0 0.493916 0.068771 0.054545 0.081967
0 0.358052 0.071774 0.054545 0.081967
0 0.297113 0.082282 0.054545 0.081967
0 0.109301 0.079280 0.054545 0.081967
0 0.087323 0.076278 0.054545 0.081967
0 0.138272 0.067270 0.054545 0.081967
0 0.168242 0.068771 0.054545 0.081967
0 0.212198 0.068771 0.054545 0.081967
0 0.257153 0.068771 0.054545 0.081967
0 0.027383 0.068771 0.054545 0.081967
0 0.773636 0.366015 0.054545 0.081967
0 0.381029 0.520642 0.054545 0.081967
0 0.545864 0.523644 0.054545 0.081967
0 0.818591 0.325482 0.054545 0.081967
0 0.987423 0.637738 0.054545 0.081967
0 0.113297 0.035744 0.054545 0.081967
0 0.185225 0.029739 0.054545 0.081967
0 0.150260 0.023734 0.054545 0.081967
0 0.219191 0.013226 0.054545 0.081967
0 0.248162 0.035744 0.054545 0.081967
0 0.310100 0.022233 0.054545 0.081967
0 0.325085 0.046253 0.054545 0.081967
0 0.367043 0.022233 0.054545 0.081967
0 0.413996 0.044752 0.054545 0.081967
0 0.438971 0.046253 0.054545 0.081967
0 0.483926 0.020732 0.054545 0.081967
0 0.512897 0.017730 0.054545 0.081967
0 0.519890 0.044752 0.054545 0.081967
0 0.541868 0.014727 0.054545 0.081967
0 0.557852 0.017730 0.054545 0.081967
0 0.597812 0.049255 0.054545 0.081967
0 0.621788 0.050757 0.054545 0.081967
0 0.580829 0.011725 0.054545 0.081967
0 0.710699 0.038747 0.054545 0.081967
0 0.677732 0.044752 0.054545 0.081967
0 0.760649 0.026737 0.054545 0.081967
0 0.844565 0.043250 0.054545 0.081967
0 0.874535 0.029739 0.054545 0.081967
0 0.717692 0.759338 0.054545 0.081967