0 0.304130 0.762380 0.029297 0.039062
0 0.177507 0.885756 0.029297 0.039062
0 0.861760 0.630886 0.029297 0.039062
0 0.889764 0.539977 0.029297 0.039062
0 0.356484 0.363029 0.029297 0.039062
0 0.168984 0.199068 0.029297 0.039062
0 0.137329 0.168224 0.029297 0.039062
0 0.373530 0.153613 0.029297 0.039062
0 0.049833 0.017077 0.029297 0.039062
0 0.102861 0.014399 0.029297 0.039062
0 0.133794 0.010649 0.029297 0.039062
0 0.184412 0.013327 0.029297 0.039062
0 0.283236 0.007435 0.029297 0.039062
0 0.379115 0.006096 0.029297 0.039062
0 0.430536 0.032878 0.029297 0.039062
0 0.416877 0.006096 0.029297 0.039062
0 0.421698 0.058588 0.029297 0.039062
0 0.563909 0.070372 0.029297 0.039062
0 0.630596 0.021094 0.029297 0.039062
0 0.612920 0.092869 0.029297 0.039062
0 0.638630 0.062874 0.029297 0.039062
0 0.656306 0.101439 0.029297 0.039062
0 0.555071 0.130364 0.029297 0.039062
0 0.543019 0.117508 0.029297 0.039062
0 0.662085 0.005886 0.029297 0.039062
0 0.691768 0.086889 0.029297 0.039062
0 0.770727 0.008847 0.029297 0.039062
0 0.933360 0.009370 0.029297 0.039062
0 0.975000 0.006751 0.029297 0.039062
0 0.953787 0.029798 0.029297 0.039062
0 0.984035 0.046558 0.029297 0.039062
0 0.992677 0.005180 0.029297 0.039062
0 0.463190 0.004034 0.029297 0.039062
0 0.877243 0.002155 0.029297 0.039062
0 0.718381 0.038387 0.029297 0.039062