0 0.487190 0.431686 0.029297 0.039062
0 0.584412 0.330451 0.029297 0.039062
0 0.427931 0.208229 0.029297 0.039062
0 0.352931 0.221809 0.029297 0.039062
0 0.099227 0.246501 0.029297 0.039062
0 0.021449 0.241562 0.029297 0.039062
0 0.002931 0.340328 0.029297 0.039062
0 0.712190 0.172426 0.029297 0.039062
0 0.080824 0.039170 0.029297 0.039062
0 0.082445 0.080683 0.029297 0.039062
0 0.135338 0.024973 0.029297 0.039062
0 0.161496 0.060544 0.029297 0.039062
0 0.175385 0.115482 0.029297 0.039062
0 0.273070 0.065559 0.029297 0.039062
0 0.311264 0.094726 0.029297 0.039062
0 0.289331 0.005432 0.029297 0.039062
0 0.403741 0.043183 0.029297 0.039062
0 0.450963 0.069417 0.029297 0.039062
0 0.476774 0.038090 0.029297 0.039062
0 0.749227 0.139556 0.029297 0.039062