0 0.422703 0.638547 0.037500 0.058027
0 0.167958 0.556617 0.037500 0.058027
0 0.233892 0.471596 0.037500 0.058027
0 0.140985 0.442225 0.037500 0.058027
0 0.015111 0.346383 0.037500 0.058027
0 0.097029 0.289187 0.037500 0.058027
0 0.057069 0.197982 0.037500 0.058027
0 0.071055 0.117598 0.037500 0.058027
0 0.075051 0.055764 0.037500 0.058027
0 0.125001 0.137694 0.037500 0.058027
0 0.125001 0.244357 0.037500 0.058027
0 0.161964 0.241266 0.037500 0.058027
0 0.212913 0.134602 0.037500 0.058027
0 0.152973 0.091319 0.037500 0.058027
0 0.123003 0.058856 0.037500 0.058027
0 0.236889 0.078952 0.037500 0.058027
0 0.193932 0.052673 0.037500 0.058027
0 0.159966 0.024847 0.037500 0.058027
0 0.180945 0.112961 0.037500 0.058027
0 0.252873 0.163973 0.037500 0.058027
0 0.236889 0.265999 0.037500 0.058027
0 0.179946 0.335562 0.037500 0.058027
0 0.272853 0.397396 0.037500 0.058027
0 0.293832 0.473142 0.037500 0.058027
0 0.349776 0.436042 0.037500 0.058027
0 0.414711 0.476234 0.037500 0.058027
0 0.453672 0.442225 0.037500 0.058027
0 0.475650 0.381937 0.037500 0.058027
0 0.479646 0.306191 0.037500 0.058027
0 0.399726 0.275274 0.037500 0.058027
0 0.349776 0.321649 0.037500 0.058027
0 0.321804 0.262907 0.037500 0.058027
0 0.359766 0.224261 0.037500 0.058027
0 0.304821 0.193344 0.037500 0.058027
0 0.272853 0.123781 0.037500 0.058027
0 0.289836 0.126873 0.037500 0.058027
0 0.293832 0.077406 0.037500 0.058027
0 0.264861 0.065039 0.037500 0.058027
0 0.354771 0.077406 0.037500 0.058027
0 0.340785 0.119144 0.037500 0.058027
0 0.384741 0.139240 0.037500 0.058027
0 0.384741 0.069677 0.037500 0.058027
0 0.368757 0.027939 0.037500 0.058027
0 0.414711 0.094410 0.037500 0.058027
0 0.436689 0.097502 0.037500 0.058027
0 0.428697 0.048035 0.037500 0.058027
0 0.468657 0.071223 0.037500 0.058027
0 0.420705 0.182523 0.037500 0.058027
0 0.520605 0.309283 0.037500 0.058027
0 0.519606 0.242811 0.037500 0.058027
0 0.488637 0.182523 0.037500 0.058027
0 0.495630 0.103685 0.037500 0.058027
0 0.472653 0.143877 0.037500 0.058027
0 0.483642 0.048035 0.037500 0.058027
0 0.530595 0.046489 0.037500 0.058027
0 0.524601 0.086681 0.037500 0.058027
0 0.540585 0.131511 0.037500 0.058027
0 0.513612 0.139240 0.037500 0.058027
0 0.576549 0.231990 0.037500 0.058027
0 0.568557 0.303099 0.037500 0.058027
0 0.619506 0.332470 0.037500 0.058027
0 0.600525 0.411308 0.037500 0.058027
0 0.699426 0.502513 0.037500 0.058027
0 0.757368 0.746756 0.037500 0.058027
0 0.864261 0.394304 0.037500 0.058027
0 0.973152 0.584443 0.037500 0.058027
0 0.934191 0.361841 0.037500 0.058027
0 0.793332 0.270637 0.037500 0.058027
0 0.695430 0.295370 0.037500 0.058027
0 0.652473 0.293824 0.037500 0.058027
0 0.625500 0.275274 0.037500 0.058027
0 0.641484 0.225807 0.037500 0.058027
0 0.689436 0.244357 0.037500 0.058027
0 0.716409 0.213440 0.037500 0.058027
0 0.689436 0.185615 0.037500 0.058027
0 0.664461 0.122236 0.037500 0.058027
0 0.623502 0.151607 0.037500 0.058027
0 0.588537 0.140786 0.037500 0.058027
0 0.614511 0.095956 0.037500 0.058027
0 0.664461 0.060402 0.037500 0.058027
0 0.636489 0.055764 0.037500 0.058027
0 0.590535 0.058856 0.037500 0.058027
0 0.568557 0.089773 0.037500 0.058027
0 0.572553 0.058856 0.037500 0.058027
0 0.552573 0.060402 0.037500 0.058027
0 0.587538 0.012481 0.037500 0.058027
0 0.612513 0.048035 0.037500 0.058027
0 0.628497 0.021756 0.037500 0.058027
0 0.689436 0.051127 0.037500 0.058027
0 0.688437 0.078952 0.037500 0.058027
0 0.692433 0.134602 0.037500 0.058027
0 0.701424 0.091319 0.037500 0.058027
0 0.726399 0.068131 0.037500 0.058027
0 0.767358 0.083590 0.037500 0.058027
0 0.765360 0.131511 0.037500 0.058027
0 0.741384 0.137694 0.037500 0.058027
0 0.752373 0.180978 0.037500 0.058027
0 0.814311 0.153152 0.037500 0.058027
0 0.865260 0.133056 0.037500 0.058027
0 0.844281 0.083590 0.037500 0.058027
0 0.823302 0.078952 0.037500 0.058027
0 0.807318 0.078952 0.037500 0.058027
0 0.793332 0.095956 0.037500 0.058027
0 0.875250 0.058856 0.037500 0.058027
0 0.849276 0.040306 0.037500 0.058027
0 0.819306 0.051127 0.037500 0.058027
0 0.909216 0.097502 0.037500 0.058027
0 0.914211 0.048035 0.037500 0.058027
0 0.895230 0.034123 0.037500 0.058027
0 0.940185 0.021756 0.037500 0.058027
0 0.943182 0.072769 0.037500 0.058027
0 0.944181 0.106777 0.037500 0.058027
0 0.927198 0.187161 0.037500 0.058027
0 0.890235 0.276820 0.037500 0.058027
0 0.224901 0.023302 0.037500 0.058027
0 0.119007 0.021756 0.037500 0.058027
0 0.748377 0.027939 0.037500 0.058027
0 0.770355 0.012481 0.037500 0.058027
0 0.651755 0.034999 0.037500 0.058027
0 0.021295 0.694684 0.037500 0.058027
0 0.037084 0.310740 0.037500 0.058027