0 0.261890 0.257638 0.029297 0.039062
0 0.226679 0.126182 0.029297 0.039062
0 0.043580 0.027591 0.029297 0.039062
0 0.018933 0.110533 0.029297 0.039062
0 0.248979 0.083929 0.029297 0.039062
0 0.283017 0.450126 0.029297 0.039062
0 0.349918 0.562802 0.029297 0.039062
0 0.443815 0.723991 0.029297 0.039062
0 0.449684 0.522113 0.029297 0.039062
0 0.528322 0.412567 0.029297 0.039062
0 0.595224 0.171566 0.029297 0.039062
0 0.855787 0.378139 0.029297 0.039062
0 0.946163 0.481425 0.029297 0.039062
0 0.865177 0.625400 0.029297 0.039062
0 0.846397 0.141832 0.029297 0.039062
0 0.628087 0.071409 0.029297 0.039062
0 0.576444 0.051065 0.029297 0.039062
0 0.419754 0.017810 0.029297 0.039062
0 0.458487 0.028764 0.029297 0.039062
0 0.537125 0.017027 0.029297 0.039062
0 0.497512 0.007051 0.029297 0.039062
0 0.856797 0.009362 0.029297 0.039062