0 0.891820 0.674896 0.029297 0.039062
0 0.825153 0.589710 0.029297 0.039062
0 0.763116 0.488476 0.029297 0.039062
0 0.670524 0.430451 0.029297 0.039062
0 0.657561 0.383538 0.029297 0.039062
0 0.614968 0.350204 0.029297 0.039062
0 0.602005 0.331686 0.029297 0.039062
0 0.562190 0.300822 0.029297 0.039062
0 0.555709 0.282303 0.029297 0.039062
0 0.531635 0.251439 0.029297 0.039062
0 0.516820 0.245266 0.029297 0.039062
0 0.502005 0.221809 0.029297 0.039062
0 0.489968 0.194649 0.029297 0.039062
0 0.441820 0.208229 0.029297 0.039062
0 0.396449 0.218105 0.029297 0.039062
0 0.383487 0.195883 0.029297 0.039062
0 0.373301 0.195883 0.029297 0.039062
0 0.659412 0.210698 0.029297 0.039062
0 0.353394 0.157303 0.029297 0.039062
0 0.357561 0.143723 0.029297 0.039062
0 0.361727 0.136315 0.029297 0.039062
0 0.346449 0.124587 0.029297 0.039062
0 0.428857 0.093105 0.029297 0.039062
0 0.501079 0.087550 0.029297 0.039062
0 0.701542 0.136315 0.029297 0.039062
0 0.429320 0.076902 0.029297 0.039062
0 0.457792 0.068568 0.029297 0.039062
0 0.447260 0.033460 0.029297 0.039062
0 0.334297 0.014209 0.029297 0.039062
0 0.947838 0.193568 0.029297 0.039062
0 0.975385 0.186161 0.029297 0.039062
0 0.797375 0.073198 0.029297 0.039062
0 0.822838 0.058692 0.029297 0.039062
0 0.885107 0.083383 0.029297 0.039062
0 0.910338 0.067951 0.029297 0.039062
0 0.846565 0.027905 0.029297 0.039062
0 0.857561 0.024355 0.029297 0.039062
0 0.991662 0.384320 0.029297 0.039062
0 0.651002 0.061060 0.029297 0.039062
0 0.557096 0.016688 0.029297 0.039062