0 0.041724 0.647567 0.029297 0.039062
0 0.040864 0.786328 0.029297 0.039062
0 0.203422 0.434264 0.029297 0.039062
0 0.026243 0.301236 0.029297 0.039062
0 0.006461 0.234723 0.029297 0.039062
0 0.074408 0.157888 0.029297 0.039062
0 0.169878 0.208346 0.029297 0.039062
0 0.275669 0.202613 0.029297 0.039062
0 0.227504 0.106282 0.029297 0.039062
0 1.000000 0.347108 0.029297 0.039062
0 0.627447 0.204906 0.029297 0.039062
0 0.588743 0.262246 0.029297 0.039062
0 0.506174 0.090227 0.029297 0.039062
0 0.000000 0.368897 0.029297 0.039062
0 0.679052 0.225548 0.029297 0.039062
0 0.878594 0.100548 0.029297 0.039062
0 0.980084 0.465227 0.029297 0.039062
0 0.157837 0.067435 0.029297 0.039062
0 0.098705 0.014897 0.029297 0.039062
0 0.181919 0.013177 0.029297 0.039062
0 0.271584 0.014181 0.029297 0.039062
0 0.358776 0.020775 0.029297 0.039062
0 0.403500 0.090729 0.029297 0.039062
0 0.396512 0.012174 0.029297 0.039062
0 0.450590 0.017908 0.029297 0.039062
0 0.598849 0.029591 0.029297 0.039062
0 0.770222 0.047366 0.029297 0.039062
0 0.840965 0.052240 0.029297 0.039062
0 0.898161 0.030164 0.029297 0.039062