0 0.029833 0.953198 0.029297 0.038760
0 0.122012 0.973524 0.029297 0.038760
0 0.135012 0.942254 0.029297 0.038760
0 0.176375 0.875023 0.029297 0.038760
0 0.261463 0.904730 0.029297 0.038760
0 0.070014 0.798412 0.029297 0.038760
0 0.162193 0.765578 0.029297 0.038760
0 0.088922 0.732745 0.029297 0.038760
0 0.124376 0.710856 0.029297 0.038760
0 0.054650 0.688966 0.029297 0.038760
0 0.023924 0.587339 0.029297 0.038760
0 0.098377 0.568577 0.029297 0.038760
0 0.065287 0.515418 0.029297 0.038760
0 0.019197 0.532616 0.029297 0.038760
0 0.014470 0.434116 0.029297 0.038760
0 0.057014 0.465386 0.029297 0.038760
0 0.153921 0.413790 0.029297 0.038760
0 0.127921 0.532616 0.029297 0.038760
0 0.153921 0.565450 0.029297 0.038760
0 0.149193 0.612355 0.029297 0.038760
0 0.139739 0.648315 0.029297 0.038760
0 0.064105 0.344996 0.029297 0.038760
0 0.077104 0.301218 0.029297 0.038760
0 0.006197 0.309036 0.029297 0.038760
0 0.049923 0.251186 0.029297 0.038760
0 0.014470 0.252749 0.029297 0.038760
0 0.034560 0.213662 0.029297 0.038760
0 0.008561 0.171447 0.029297 0.038760
0 0.008561 0.116725 0.029297 0.038760
0 0.003834 0.087018 0.029297 0.038760
0 0.026288 0.054185 0.029297 0.038760
0 0.060559 0.035423 0.029297 0.038760
0 0.005015 0.029169 0.029297 0.038760
0 0.101922 0.033859 0.029297 0.038760
0 0.081832 0.065129 0.029297 0.038760
0 0.064105 0.079201 0.029297 0.038760
0 0.054650 0.137050 0.029297 0.038760
0 0.091286 0.112034 0.029297 0.038760
0 0.118467 0.076074 0.029297 0.038760
0 0.135012 0.082328 0.029297 0.038760
0 0.152739 0.119852 0.029297 0.038760
0 0.174011 0.060439 0.029297 0.038760
0 0.116103 0.163630 0.029297 0.038760
0 0.104286 0.132360 0.029297 0.038760
0 0.075923 0.158939 0.029297 0.038760
0 0.091286 0.187082 0.029297 0.038760
0 0.059378 0.193336 0.029297 0.038760
0 0.105467 0.227733 0.029297 0.038760
0 0.159830 0.290274 0.029297 0.038760
0 0.171647 0.259003 0.029297 0.038760
0 0.171647 0.224606 0.029297 0.038760
0 0.148012 0.141741 0.029297 0.038760
0 0.191738 0.154249 0.029297 0.038760
0 0.198829 0.219916 0.029297 0.038760
0 0.197647 0.269948 0.029297 0.038760
0 0.231919 0.287147 0.029297 0.038760
0 0.246100 0.215225 0.029297 0.038760
0 0.132648 0.330925 0.029297 0.038760
0 0.109013 0.296528 0.029297 0.038760
0 0.172829 0.370012 0.029297 0.038760
0 0.203556 0.348123 0.029297 0.038760
0 0.228373 0.334052 0.029297 0.038760
0 0.249645 0.323107 0.029297 0.038760
0 0.261463 0.363758 0.029297 0.038760
0 0.237828 0.385647 0.029297 0.038760
0 0.233100 0.468513 0.029297 0.038760
0 0.202374 0.513854 0.029297 0.038760
0 0.221283 0.631117 0.029297 0.038760
0 0.257918 0.510727 0.029297 0.038760
0 0.295735 0.579521 0.029297 0.038760
0 0.301644 0.681149 0.029297 0.038760
0 0.204737 0.760888 0.029297 0.038760
0 0.300462 0.871896 0.029297 0.038760
0 0.312280 0.961016 0.029297 0.038760
0 0.449368 0.987595 0.029297 0.038760
0 0.370188 0.851571 0.029297 0.038760
0 0.361915 0.984468 0.029297 0.038760
0 0.366642 0.782777 0.029297 0.038760
0 0.317007 0.754634 0.029297 0.038760
0 0.363097 0.710856 0.029297 0.038760
0 0.438731 0.732745 0.029297 0.038760
0 0.481276 0.809356 0.029297 0.038760
0 0.512002 0.773396 0.029297 0.038760
0 0.501366 0.907857 0.029297 0.038760
0 0.448186 0.623299 0.029297 0.038760
0 0.480094 0.685839 0.029297 0.038760
0 0.400914 0.609228 0.029297 0.038760
0 0.423368 0.510727 0.029297 0.038760
0 0.376097 0.557632 0.029297 0.038760
0 0.463549 0.527926 0.029297 0.038760
0 0.393823 0.449751 0.029297 0.038760
0 0.327643 0.427862 0.029297 0.038760
0 0.276827 0.416917 0.029297 0.038760
0 0.338279 0.355941 0.029297 0.038760
0 0.328825 0.319980 0.029297 0.038760
0 0.281554 0.318417 0.029297 0.038760
0 0.317007 0.262130 0.029297 0.038760
0 0.289826 0.243368 0.029297 0.038760
0 0.263827 0.185519 0.029297 0.038760
0 0.283917 0.166757 0.029297 0.038760
0 0.270918 0.097963 0.029297 0.038760
0 0.261463 0.060439 0.029297 0.038760
0 0.240191 0.055748 0.029297 0.038760
0 0.207101 0.046367 0.029297 0.038760
0 0.220101 0.108907 0.029297 0.038760
0 0.313462 0.087018 0.029297 0.038760
0 0.289826 0.060439 0.029297 0.038760
0 0.333552 0.043240 0.029297 0.038760
0 0.359552 0.066693 0.029297 0.038760
0 0.378460 0.038550 0.029297 0.038760
0 0.395005 0.054185 0.029297 0.038760
0 0.391460 0.097963 0.029297 0.038760
0 0.360733 0.115161 0.029297 0.038760
0 0.346552 0.174574 0.029297 0.038760
0 0.346552 0.226170 0.029297 0.038760
0 0.311098 0.215225 0.029297 0.038760
0 0.382006 0.269948 0.029297 0.038760
0 0.402096 0.323107 0.029297 0.038760
0 0.390278 0.294964 0.029297 0.038760
0 0.423368 0.216789 0.029297 0.038760
0 0.434004 0.315290 0.029297 0.038760
0 0.438731 0.407536 0.029297 0.038760
0 0.474185 0.359068 0.029297 0.038760
0 0.509639 0.357504 0.029297 0.038760
0 0.541547 0.423171 0.029297 0.038760
0 0.506093 0.462259 0.029297 0.038760
0 0.456458 0.466949 0.029297 0.038760
0 0.512002 0.562323 0.029297 0.038760
0 0.565183 0.513854 0.029297 0.038760
0 0.575819 0.593593 0.029297 0.038760
0 0.539183 0.609228 0.029297 0.038760
0 0.546274 0.688966 0.029297 0.038760
0 0.601818 0.649879 0.029297 0.038760
0 0.645544 0.713983 0.029297 0.038760
0 0.581728 0.751507 0.029297 0.038760
0 0.625454 0.779650 0.029297 0.038760
0 0.684543 0.751507 0.029297 0.038760
0 0.598273 0.867206 0.029297 0.038760
0 0.577001 0.926619 0.029297 0.038760
0 0.587637 0.978214 0.029297 0.038760
0 0.691634 0.926619 0.029297 0.038760
0 0.793268 0.856261 0.029297 0.038760
0 0.794449 0.728054 0.029297 0.038760
0 0.875993 0.843753 0.029297 0.038760
0 0.910265 0.898476 0.029297 0.038760
0 0.969354 0.939127 0.029297 0.038760
0 0.946900 0.993849 0.029297 0.038760
0 0.881902 0.984468 0.029297 0.038760
0 0.962263 0.831245 0.029297 0.038760
0 0.969354 0.732745 0.029297 0.038760
0 0.933900 0.748380 0.029297 0.038760
0 0.901992 0.668641 0.029297 0.038760
0 0.836994 0.663950 0.029297 0.038760
0 0.862993 0.568577 0.029297 0.038760
0 0.812176 0.576394 0.029297 0.038760
0 0.755450 0.613918 0.029297 0.038760
0 0.675089 0.612355 0.029297 0.038760
0 0.626636 0.570140 0.029297 0.038760
0 0.693998 0.559196 0.029297 0.038760
0 0.697543 0.502910 0.029297 0.038760
0 0.735360 0.477894 0.029297 0.038760
0 0.790904 0.515418 0.029297 0.038760
0 0.748360 0.565450 0.029297 0.038760
0 0.833448 0.521672 0.029297 0.038760
0 0.883084 0.456005 0.029297 0.038760
0 0.918537 0.473203 0.029297 0.038760
0 0.975263 0.445060 0.029297 0.038760
0 0.948082 0.546688 0.029297 0.038760
0 0.996535 0.484148 0.029297 0.038760
0 0.989444 0.653006 0.029297 0.038760
0 0.956354 0.341869 0.029297 0.038760
0 0.885447 0.366885 0.029297 0.038760
0 0.812176 0.274638 0.029297 0.038760
0 0.745996 0.438806 0.029297 0.038760
0 0.702270 0.424735 0.029297 0.038760
0 0.652635 0.460695 0.029297 0.038760
0 0.632545 0.484148 0.029297 0.038760
0 0.585273 0.432552 0.029297 0.038760
0 0.594727 0.380957 0.029297 0.038760
0 0.641999 0.380957 0.029297 0.038760
0 0.680998 0.287147 0.029297 0.038760
0 0.756632 0.243368 0.029297 0.038760
0 0.776723 0.216789 0.029297 0.038760
0 0.803904 0.196463 0.029297 0.038760
0 0.825176 0.180828 0.029297 0.038760
0 0.854721 0.224606 0.029297 0.038760
0 0.839357 0.257440 0.029297 0.038760
0 0.860630 0.312163 0.029297 0.038760
0 0.918537 0.269948 0.029297 0.038760
0 0.958718 0.238678 0.029297 0.038760
0 0.996535 0.257440 0.029297 0.038760
0 0.957536 0.285583 0.029297 0.038760
0 0.958718 0.152685 0.029297 0.038760
0 0.991808 0.054185 0.029297 0.038760
0 0.925628 0.024478 0.029297 0.038760
0 0.883084 0.051058 0.029297 0.038760
0 0.857084 0.065129 0.029297 0.038760
0 0.845266 0.027605 0.029297 0.038760
0 0.816903 0.044804 0.029297 0.038760
0 0.825176 0.108907 0.029297 0.038760
0 0.782632 0.155812 0.029297 0.038760
0 0.599455 0.294964 0.029297 0.038760
0 0.542729 0.334052 0.029297 0.038760
0 0.496639 0.293401 0.029297 0.038760
0 0.468276 0.232424 0.029297 0.038760
0 0.449368 0.193336 0.029297 0.038760
0 0.486003 0.163630 0.029297 0.038760
0 0.525002 0.152685 0.029297 0.038760
0 0.520275 0.224606 0.029297 0.038760
0 0.529729 0.263694 0.029297 0.038760
0 0.565183 0.257440 0.029297 0.038760
0 0.572273 0.215225 0.029297 0.038760
0 0.628999 0.182392 0.029297 0.038760
0 0.667998 0.169884 0.029297 0.038760
0 0.710543 0.149558 0.029297 0.038760
0 0.725906 0.082328 0.029297 0.038760
0 0.708179 0.077637 0.029297 0.038760
0 0.750723 0.033859 0.029297 0.038760
0 0.676271 0.054185 0.029297 0.038760
0 0.623090 0.057312 0.029297 0.038760
0 0.613636 0.104217 0.029297 0.038760
0 0.650271 0.121415 0.029297 0.038760
0 0.582909 0.110471 0.029297 0.038760
0 0.529729 0.097963 0.029297 0.038760
0 0.554547 0.076074 0.029297 0.038760
0 0.480094 0.093272 0.029297 0.038760
0 0.455276 0.126106 0.029297 0.038760
0 0.419823 0.126106 0.029297 0.038760
0 0.403278 0.205844 0.029297 0.038760
0 0.383187 0.174574 0.029297 0.038760
0 0.416277 0.027605 0.029297 0.038760
0 0.512002 0.033859 0.029297 0.038760
0 0.487185 0.027605 0.029297 0.038760
0 0.551001 0.038550 0.029297 0.038760
0 0.571092 0.043240 0.029297 0.038760
0 0.593546 0.054185 0.029297 0.038760
0 0.592364 0.032296 0.029297 0.038760
0 0.627817 0.029169 0.029297 0.038760
0 0.697543 0.227733 0.029297 0.038760
0 0.633726 0.262130 0.029297 0.038760
0 0.007379 0.371576 0.029297 0.038760
0 0.338279 0.568577 0.029297 0.038760
0 0.358370 0.617045 0.029297 0.038760
0 0.317007 0.579521 0.029297 0.038760
0 0.279138 0.021742 0.029297 0.038760
0 0.218867 0.163239 0.029297 0.038760
0 0.452270 0.019397 0.029297 0.038760
0 0.556128 0.009441 0.029297 0.038760
0 0.236448 0.005476 0.029297 0.038760
0 0.162522 0.009441 0.029297 0.038760
0 0.651034 0.016049 0.029297 0.038760
0 0.836848 0.705964 0.029297 0.038760