0 0.728998 0.615903 0.029297 0.039062
0 0.635419 0.640404 0.029297 0.039062
0 0.895571 0.474796 0.029297 0.039062
0 0.954101 0.431239 0.029297 0.039062
0 0.926877 0.113634 0.029297 0.039062
0 0.951378 0.240676 0.029297 0.039062
0 0.979963 0.193489 0.029297 0.039062
0 0.920072 0.374977 0.029297 0.039062
0 0.843846 0.284233 0.029297 0.039062
0 0.774427 0.300567 0.029297 0.039062
0 0.812540 0.220712 0.029297 0.039062
0 0.703647 0.169896 0.029297 0.039062
0 0.660090 0.331420 0.029297 0.039062
0 0.620616 0.338680 0.029297 0.039062
0 0.564808 0.358643 0.029297 0.039062
0 0.572975 0.253380 0.029297 0.039062
0 0.430053 0.304197 0.029297 0.039062
0 0.420525 0.262455 0.029297 0.039062
0 0.430053 0.202564 0.029297 0.039062
0 0.447748 0.135413 0.029297 0.039062
0 0.289854 0.387682 0.029297 0.039062
0 0.269436 0.335050 0.029297 0.039062
0 0.576265 0.143126 0.029297 0.039062
0 0.604849 0.139496 0.029297 0.039062
0 0.559931 0.082328 0.029297 0.039062
0 0.970321 0.056919 0.029297 0.039062
0 0.841691 0.037863 0.029297 0.039062
0 0.851900 0.022437 0.029297 0.039062
0 0.872998 0.031511 0.029297 0.039062
0 0.895457 0.046937 0.029297 0.039062
0 0.907708 0.041493 0.029297 0.039062
0 0.928806 0.051475 0.029297 0.039062
0 0.949904 0.065994 0.029297 0.039062
0 0.823996 0.028789 0.029297 0.039062
0 0.246637 0.299206 0.029297 0.039062
0 0.246637 0.267446 0.029297 0.039062
0 0.237789 0.237500 0.029297 0.039062
0 0.244595 0.216629 0.029297 0.039062
0 0.244595 0.184868 0.029297 0.039062
0 0.213288 0.172164 0.029297 0.039062
0 0.243915 0.154923 0.029297 0.039062
0 0.202399 0.102291 0.029297 0.039062
0 0.175176 0.112273 0.029297 0.039062
0 0.158161 0.118625 0.029297 0.039062
0 0.149314 0.107736 0.029297 0.039062
0 0.122091 0.091402 0.029297 0.039062
0 0.248679 0.031511 0.029297 0.039062
0 0.284069 0.022437 0.029297 0.039062
0 0.401129 0.126792 0.029297 0.039062
0 0.358933 0.021529 0.029297 0.039062
0 0.379350 0.029696 0.029297 0.039062
0 0.421546 0.015177 0.029297 0.039062
0 0.469187 0.044215 0.029297 0.039062
0 0.497771 0.044215 0.029297 0.039062
0 0.490965 0.010640 0.029297 0.039062
0 0.064014 0.091402 0.029297 0.039062
0 0.012971 0.067809 0.029297 0.039062
0 0.191944 0.002987 0.029297 0.039062
0 0.123762 0.006698 0.029297 0.039062
0 0.513372 0.006698 0.029297 0.039062
0 0.557899 0.008553 0.029297 0.039062
0 0.000000 0.084620 0.029297 0.039062