0 0.159182 0.826883 0.029297 0.039062
0 0.374246 0.766992 0.029297 0.039062
0 0.518529 0.768807 0.029297 0.039062
0 0.755371 0.979333 0.029297 0.039062
0 0.877876 0.572800 0.029297 0.039062
0 0.985407 0.678063 0.029297 0.039062
0 0.646478 0.649025 0.029297 0.039062
0 0.533502 0.627246 0.029297 0.039062
0 0.363356 0.589133 0.029297 0.039062
0 0.186405 0.654469 0.029297 0.039062
0 0.231324 0.639950 0.029297 0.039062
0 0.127876 0.690767 0.029297 0.039062
0 0.087041 0.619986 0.029297 0.039062
0 0.033955 0.565540 0.029297 0.039062
0 0.010816 0.538317 0.029297 0.039062
0 0.053012 0.534687 0.029297 0.039062
0 0.000000 1.000000 0.029297 0.039062
0 0.112903 0.569170 0.029297 0.039062
0 0.165988 0.502019 0.029297 0.039062
0 0.221796 0.521983 0.029297 0.039062
0 0.272159 0.521983 0.029297 0.039062
0 0.317077 0.551021 0.029297 0.039062
0 0.398747 0.512908 0.029297 0.039062
0 0.446387 0.509279 0.029297 0.039062
0 0.480416 0.534687 0.029297 0.039062
0 0.400108 0.543761 0.029297 0.039062
0 0.514445 0.509279 0.029297 0.039062
0 0.566170 0.512908 0.029297 0.039062
0 0.593393 0.518353 0.029297 0.039062
0 0.598837 0.474796 0.029297 0.039062
0 0.634228 0.467536 0.029297 0.039062
0 0.680507 0.534687 0.029297 0.039062
0 0.760816 0.547391 0.029297 0.039062
0 0.709091 0.463907 0.029297 0.039062
0 0.754010 0.476611 0.029297 0.039062
0 0.788039 0.514723 0.029297 0.039062
0 0.812540 0.422164 0.029297 0.039062
0 0.881959 0.480241 0.029297 0.039062
0 0.959545 0.503834 0.029297 0.039062
0 0.924155 0.458462 0.029297 0.039062
0 0.950017 0.414905 0.029297 0.039062
0 0.346002 0.540132 0.029297 0.039062
0 0.133660 0.551928 0.029297 0.039062