0 0.105831 0.816044 0.029297 0.039062
0 0.028541 0.554594 0.029297 0.039062
0 0.039991 0.195815 0.029297 0.039062
0 0.134457 0.155739 0.029297 0.039062
0 0.164514 0.067952 0.029297 0.039062
0 0.206022 0.088945 0.029297 0.039062
0 0.220334 0.188181 0.029297 0.039062
0 0.208884 0.295052 0.029297 0.039062
0 0.246098 0.449632 0.029297 0.039062
0 0.287605 0.163372 0.029297 0.039062
0 0.400678 0.302685 0.029297 0.039062
0 0.447911 0.401922 0.029297 0.039062
0 0.372052 0.132838 0.029297 0.039062
0 0.349151 0.121387 0.029297 0.039062
0 0.360602 0.075586 0.029297 0.039062
0 0.340563 0.027876 0.029297 0.039062
0 0.297625 0.066044 0.029297 0.039062
0 0.429304 0.075586 0.029297 0.039062
0 0.442186 0.125204 0.029297 0.039062
0 0.475105 0.201540 0.029297 0.039062
0 0.520907 0.262609 0.029297 0.039062
0 0.509457 0.106120 0.029297 0.039062
0 0.495144 0.083220 0.029297 0.039062
0 0.489418 0.027876 0.029297 0.039062
0 0.445048 0.012609 0.029297 0.039062
0 0.417854 0.012609 0.029297 0.039062
0 0.515182 0.052685 0.029297 0.039062
0 0.479399 0.012609 0.029297 0.039062
0 0.539514 0.027876 0.029297 0.039062
0 0.565277 0.033601 0.029297 0.039062
0 0.558121 0.083220 0.029297 0.039062
0 0.593903 0.079403 0.029297 0.039062
0 0.601060 0.115662 0.029297 0.039062
0 0.599628 0.022151 0.029297 0.039062
0 0.648292 0.125204 0.029297 0.039062
0 0.622529 0.436273 0.029297 0.039062
0 0.629686 0.802685 0.029297 0.039062
0 0.621098 0.730166 0.029297 0.039062
0 0.639705 0.608029 0.029297 0.039062
0 0.716995 0.445815 0.029297 0.039062
0 0.762796 0.405739 0.029297 0.039062
0 0.757071 0.365662 0.029297 0.039062
0 0.789991 0.228258 0.029297 0.039062
0 0.844380 0.222532 0.029297 0.039062
0 0.898770 0.235891 0.029297 0.039062
0 0.978922 0.241616 0.029297 0.039062
0 0.993235 0.379021 0.029297 0.039062
0 0.987510 0.441998 0.029297 0.039062
0 0.947434 0.482074 0.029297 0.039062
0 0.812892 0.092762 0.029297 0.039062
0 0.837224 0.094670 0.029297 0.039062
0 0.792854 0.066044 0.029297 0.039062
0 0.742758 0.102303 0.029297 0.039062
0 0.754209 0.071769 0.029297 0.039062
0 0.719857 0.033601 0.029297 0.039062
0 0.694094 0.035510 0.029297 0.039062
0 0.669762 0.025968 0.029297 0.039062
0 0.648292 0.033601 0.029297 0.039062
0 0.724032 0.013086 0.029297 0.039062
0 0.780568 0.034078 0.029297 0.039062
0 0.880759 0.006407 0.029297 0.039062