0 0.005312 0.854783 0.043478 0.077320
0 0.098074 0.818528 0.043478 0.077320
0 0.108268 0.678942 0.043478 0.077320
0 0.141907 0.707947 0.043478 0.077320
0 0.175546 0.765957 0.043478 0.077320
0 0.232631 0.885601 0.043478 0.077320
0 0.244863 0.755080 0.043478 0.077320
0 0.287677 0.800400 0.043478 0.077320
0 0.266270 0.704322 0.043478 0.077320
0 0.299909 0.662627 0.043478 0.077320
0 0.382478 0.816715 0.043478 0.077320
0 0.381459 0.903729 0.043478 0.077320
0 0.519073 0.791336 0.043478 0.077320
0 0.496647 0.758705 0.043478 0.077320
0 0.433446 0.682568 0.043478 0.077320
0 0.395730 0.689819 0.043478 0.077320
0 0.088900 0.649938 0.043478 0.077320
0 0.038951 0.653563 0.043478 0.077320
0 0.068513 0.631810 0.043478 0.077320
0 0.127636 0.635435 0.043478 0.077320
0 0.152101 0.602805 0.043478 0.077320
0 0.189817 0.673504 0.043478 0.077320
0 0.162294 0.644499 0.043478 0.077320
0 0.214282 0.648125 0.043478 0.077320
0 0.241805 0.619120 0.043478 0.077320
0 0.228553 0.640874 0.043478 0.077320
0 0.565964 0.733326 0.043478 0.077320
0 0.525189 0.644499 0.043478 0.077320
0 0.457911 0.660814 0.043478 0.077320
0 0.645475 0.702509 0.043478 0.077320
0 0.600623 0.682568 0.043478 0.077320
0 0.581255 0.677130 0.043478 0.077320
0 0.730082 0.816715 0.043478 0.077320
0 0.730082 0.727888 0.043478 0.077320
0 0.716831 0.711573 0.043478 0.077320
0 0.765760 0.713386 0.043478 0.077320
0 0.794303 0.678942 0.043478 0.077320
0 0.869736 0.713386 0.043478 0.077320
0 0.864639 0.782272 0.043478 0.077320
0 0.894201 0.833030 0.043478 0.077320
0 0.962498 0.825779 0.043478 0.077320
0 0.940072 0.648125 0.043478 0.077320
0 0.925801 0.628184 0.043478 0.077320
0 0.896239 0.611869 0.043478 0.077320
0 0.879930 0.640874 0.043478 0.077320
0 0.851387 0.657189 0.043478 0.077320
0 0.831000 0.659002 0.043478 0.077320
0 0.618971 0.631810 0.043478 0.077320
0 0.603681 0.639061 0.043478 0.077320
0 0.313161 0.000000 0.043478 0.077320
0 0.478299 0.619120 0.043478 0.077320
0 0.390633 0.644499 0.043478 0.077320
0 0.408982 0.631810 0.043478 0.077320
0 0.961479 0.000000 0.043478 0.077320
0 0.335587 0.628184 0.043478 0.077320
0 0.361071 0.736952 0.043478 0.077320
0 0.977789 0.631810 0.043478 0.077320
0 0.951285 0.619120 0.043478 0.077320
0 0.941092 0.624559 0.043478 0.077320
0 0.333548 0.000000 0.043478 0.077320
0 0.373304 0.619120 0.043478 0.077320
0 0.359032 0.620933 0.043478 0.077320
0 0.680133 0.717011 0.043478 0.077320
0 0.697463 0.677130 0.043478 0.077320
0 0.718869 0.651751 0.043478 0.077320
0 0.449756 0.000000 0.043478 0.077320
0 0.559848 0.619120 0.043478 0.077320
0 0.578197 0.611869 0.043478 0.077320
0 0.555771 0.593741 0.043478 0.077320
0 0.663824 0.669878 0.043478 0.077320
0 0.680133 0.659002 0.043478 0.077320
0 0.388594 0.610056 0.043478 0.077320
0 0.374323 0.000000 0.043478 0.077320
0 0.420195 0.602805 0.043478 0.077320
0 0.065455 0.542983 0.043478 0.077320
0 0.264231 0.644499 0.043478 0.077320
0 0.280541 0.660814 0.043478 0.077320
0 0.296851 0.619120 0.043478 0.077320
0 0.349858 0.669878 0.043478 0.077320
0 0.441601 0.644499 0.043478 0.077320
0 0.514996 0.000000 0.043478 0.077320
0 0.729063 0.635435 0.043478 0.077320
0 0.741295 0.619120 0.043478 0.077320
0 0.563925 0.666253 0.043478 0.077320
0 0.684211 0.597367 0.043478 0.077320
0 0.700521 0.611869 0.043478 0.077320
0 0.733141 0.597367 0.043478 0.077320
0 0.772896 0.584677 0.043478 0.077320
0 0.485434 0.000000 0.043478 0.077320
0 0.823864 0.000000 0.043478 0.077320
0 0.622029 0.606431 0.043478 0.077320
0 0.590429 0.593741 0.043478 0.077320
0 0.502763 0.644499 0.043478 0.077320
0 0.348839 0.620933 0.043478 0.077320
0 0.850623 0.612775 0.043478 0.077320
0 0.802712 0.597367 0.043478 0.077320
0 0.761938 0.638155 0.043478 0.077320
0 0.746647 0.650844 0.043478 0.077320
0 0.805261 0.641780 0.043478 0.077320
0 0.910256 0.600992 0.043478 0.077320
0 0.779267 0.276502 0.043478 0.077320
0 0.872539 0.612775 0.043478 0.077320
0 0.757351 0.591022 0.043478 0.077320
0 0.930133 0.877443 0.043478 0.077320
0 0.614639 0.591022 0.043478 0.077320
0 0.606484 0.607337 0.043478 0.077320
0 0.859797 0.613682 0.043478 0.077320
0 0.628400 0.300975 0.043478 0.077320
0 0.825648 0.609150 0.043478 0.077320
0 0.874068 0.577426 0.043478 0.077320
0 0.884262 0.577426 0.043478 0.077320
0 0.780796 0.643593 0.043478 0.077320
0 0.207018 0.614989 0.043478 0.077320
0 0.526699 0.593671 0.043478 0.077320
0 0.503722 0.611436 0.043478 0.077320
0 0.450775 0.597224 0.043478 0.077320
0 0.709516 0.568798 0.043478 0.077320
0 0.685540 0.575905 0.043478 0.077320
0 0.651574 0.627425 0.043478 0.077320
0 0.634591 0.630979 0.043478 0.077320
0 0.631594 0.620319 0.043478 0.077320
0 0.633592 0.604330 0.043478 0.077320
0 0.627598 0.590117 0.043478 0.077320
0 0.584641 0.632755 0.043478 0.077320
0 0.559666 0.648744 0.043478 0.077320
0 0.832393 0.584788 0.043478 0.077320
0 0.841384 0.583011 0.043478 0.077320
0 0.798427 0.572352 0.043478 0.077320
0 0.786439 0.597224 0.043478 0.077320
0 0.910315 0.563469 0.043478 0.077320
0 0.909316 0.552809 0.043478 0.077320
0 0.895330 0.554586 0.043478 0.077320
0 0.903322 0.583011 0.043478 0.077320
0 0.918307 0.583011 0.043478 0.077320
0 0.921304 0.563469 0.043478 0.077320
0 0.935290 0.558139 0.043478 0.077320
0 0.938287 0.579458 0.043478 0.077320
0 0.954271 0.570575 0.043478 0.077320
0 0.958267 0.584788 0.043478 0.077320
0 0.961264 0.554586 0.043478 0.077320
0 0.974251 0.552809 0.043478 0.077320
0 0.977248 0.600777 0.043478 0.077320
0 0.995230 0.581234 0.043478 0.077320