0 0.039926 0.124393 0.029297 0.039062
0 0.060624 0.129263 0.029297 0.039062
0 0.050884 0.164977 0.029297 0.039062
0 0.067929 0.190951 0.029297 0.039062
0 0.021663 0.322445 0.029297 0.039062
0 0.053319 0.314328 0.029297 0.039062
0 0.125153 0.181211 0.029297 0.039062
0 0.149504 0.194198 0.029297 0.039062
0 0.149504 0.083808 0.029297 0.039062
0 0.168984 0.088678 0.029297 0.039062
0 0.187247 0.117899 0.029297 0.039062
0 0.214033 0.117899 0.029297 0.039062
0 0.266387 0.056211 0.029297 0.039062
0 0.289520 0.074068 0.029297 0.039062
0 0.444147 0.022120 0.029297 0.039062
0 0.210807 0.220636 0.029297 0.039062
0 0.264858 0.166760 0.029297 0.039062
0 0.296869 0.170259 0.029297 0.039062
0 0.334127 0.222036 0.029297 0.039062
0 0.351444 0.220636 0.029297 0.039062
0 0.365088 0.136674 0.029297 0.039062
0 0.354068 0.172358 0.029297 0.039062
0 0.395524 0.111485 0.029297 0.039062
0 0.385554 0.104488 0.029297 0.039062
0 0.386603 0.082798 0.029297 0.039062
0 0.442228 0.116383 0.029297 0.039062
0 0.483160 0.138773 0.029297 0.039062
0 0.505725 0.140872 0.029297 0.039062
0 0.501527 0.106587 0.029297 0.039062
0 0.503626 0.241627 0.029297 0.039062
0 0.494180 0.309496 0.029297 0.039062
0 0.528815 0.395558 0.029297 0.039062
0 0.529864 0.079300 0.029297 0.039062
0 0.530389 0.105188 0.029297 0.039062
0 0.470932 0.033483 0.029297 0.039062
0 0.170202 0.759133 0.029297 0.039062
0 0.466062 0.660107 0.029297 0.039062
0 0.837410 0.725042 0.029297 0.039062
0 0.920202 0.986406 0.029297 0.039062
0 0.800884 0.517250 0.029297 0.039062
0 0.730267 0.452315 0.029297 0.039062
0 0.671825 0.565951 0.029297 0.039062
0 0.627994 0.483159 0.029297 0.039062
0 0.995689 0.419847 0.029297 0.039062
0 0.901939 0.369522 0.029297 0.039062
0 0.747312 0.244522 0.029297 0.039062
0 0.704699 0.231535 0.029297 0.039062
0 0.976348 0.187349 0.029297 0.039062
0 0.920487 0.167551 0.029297 0.039062
0 0.909173 0.218462 0.029297 0.039062
0 0.851898 0.250517 0.029297 0.039062
0 0.841292 0.143981 0.029297 0.039062
0 0.800987 0.117582 0.029297 0.039062
0 0.820786 0.104383 0.029297 0.039062
0 0.832807 0.069500 0.029297 0.039062
0 0.855434 0.051587 0.029297 0.039062
0 0.880182 0.058186 0.029297 0.039062
0 0.911295 0.003504 0.029297 0.039062
0 0.820079 0.039330 0.029297 0.039062
0 0.759269 0.055358 0.029297 0.039062
0 0.723207 0.027074 0.029297 0.039062
0 0.677245 0.032731 0.029297 0.039062
0 0.672296 0.039330 0.029297 0.039062
0 0.700579 0.071385 0.029297 0.039062
0 0.707650 0.106269 0.029297 0.039062
0 0.714014 0.123239 0.029297 0.039062
0 0.723914 0.136438 0.029297 0.039062
0 0.791088 0.077985 0.029297 0.039062
0 0.624213 0.029902 0.029297 0.039062
0 0.634819 0.035559 0.029297 0.039062
0 0.623506 0.051587 0.029297 0.039062
0 0.600879 0.035559 0.029297 0.039062
0 0.652497 0.084585 0.029297 0.039062
0 0.624213 0.123239 0.029297 0.039062
0 0.600172 0.110040 0.029297 0.039062
0 0.588151 0.094955 0.029297 0.039062
0 0.540068 0.056301 0.029297 0.039062
0 0.557039 0.058186 0.029297 0.039062
0 0.554292 0.001458 0.029297 0.039062
0 0.629125 0.003131 0.029297 0.039062
0 0.951449 0.005918 0.029297 0.039062