0 0.024098 0.788354 0.029297 0.039062
0 0.677913 0.725042 0.029297 0.039062
0 0.699829 0.604912 0.029297 0.039062
0 0.788708 0.486406 0.029297 0.039062
0 0.976208 0.488029 0.029297 0.039062
0 0.983514 0.322445 0.029297 0.039062
0 0.662085 0.341925 0.029297 0.039062
0 0.673043 0.293224 0.029297 0.039062
0 0.841062 0.148743 0.029297 0.039062
0 0.715656 0.088678 0.029297 0.039062
0 0.634082 0.106535 0.029297 0.039062
0 0.839845 0.010756 0.029297 0.039062
0 0.528156 0.302964 0.029297 0.039062
0 0.430754 0.168224 0.029297 0.039062
0 0.453887 0.186081 0.029297 0.039062
0 0.315088 0.351665 0.029297 0.039062
0 0.284650 0.319198 0.029297 0.039062
0 0.238384 0.176341 0.029297 0.039062
0 0.206728 0.186081 0.029297 0.039062
0 0.290738 0.083808 0.029297 0.039062
0 0.340656 0.096795 0.029297 0.039062
0 0.323611 0.015626 0.029297 0.039062
0 0.290738 0.020496 0.029297 0.039062
0 0.194553 0.038354 0.029297 0.039062
0 0.075234 0.000000 0.029297 0.039062
0 0.080104 0.031860 0.029297 0.039062
0 0.030186 0.114652 0.029297 0.039062
0 0.158027 0.135756 0.029297 0.039062
0 0.196988 0.129263 0.029297 0.039062
0 0.128806 0.039977 0.029297 0.039062
0 0.128806 0.119522 0.029297 0.039062
0 0.020445 0.009133 0.029297 0.039062
0 0.428665 0.122557 0.029297 0.039062
0 0.475488 0.134262 0.029297 0.039062