0 0.213287 0.159190 0.029297 0.039062
0 0.224808 0.162263 0.029297 0.039062
0 0.031259 0.143829 0.029297 0.039062
0 0.009370 0.237531 0.029297 0.039062
0 0.026651 0.369636 0.029297 0.039062
0 0.005914 0.557040 0.029297 0.039062
0 0.007066 0.647670 0.029297 0.039062
0 0.003609 0.796671 0.029297 0.039062
0 0.193702 0.704505 0.029297 0.039062
0 0.273195 0.606195 0.029297 0.039062
0 0.151075 0.471018 0.029297 0.039062
0 0.222503 0.323553 0.029297 0.039062
0 0.406835 0.231387 0.029297 0.039062
0 0.440245 0.263645 0.029297 0.039062
0 0.342319 0.467946 0.029297 0.039062
0 0.531259 0.497132 0.029297 0.039062
0 0.599232 0.592370 0.029297 0.039062
0 0.651075 0.676856 0.029297 0.039062
0 0.683333 0.558576 0.029297 0.039062
0 0.729416 0.464874 0.029297 0.039062
0 0.849232 0.542447 0.029297 0.039062
0 0.934485 0.288223 0.029297 0.039062
0 0.895314 0.285150 0.029297 0.039062
0 0.913748 0.154582 0.029297 0.039062
0 0.928725 0.048591 0.029297 0.039062
0 0.789324 0.166871 0.029297 0.039062
0 0.789324 0.125396 0.029297 0.039062
0 0.583102 0.300511 0.029297 0.039062
0 0.586559 0.277470 0.029297 0.039062
0 0.043932 0.078929 0.029297 0.039062
0 0.060637 0.061264 0.029297 0.039062
0 0.175268 0.061264 0.029297 0.039062
0 0.162020 0.068177 0.029297 0.039062
0 0.247273 0.055888 0.029297 0.039062
0 0.240937 0.075857 0.029297 0.039062
0 0.386098 0.032078 0.029297 0.039062
0 0.398771 0.002892 0.029297 0.039062
0 0.421236 0.012877 0.029297 0.039062
0 0.482296 0.048975 0.029297 0.039062
0 0.489208 0.066641 0.029297 0.039062
0 0.123425 0.062800 0.029297 0.039062
0 0.556605 0.075857 0.029297 0.039062
0 0.542204 0.061264 0.029297 0.039062
0 0.522043 0.057424 0.029297 0.039062
0 0.600960 0.070481 0.029297 0.039062
0 0.586559 0.066641 0.029297 0.039062
0 0.654531 0.061264 0.029297 0.039062
0 0.733448 0.058960 0.029297 0.039062
0 0.723079 0.045135 0.029297 0.039062
0 0.772619 0.042063 0.029297 0.039062
0 0.791628 0.068945 0.029297 0.039062
0 0.809485 0.072785 0.029297 0.039062
0 0.997849 0.106963 0.029297 0.039062